2 1 0.51 0.00 0.10 0.51 0.00 0.10 0.89 22.03 0.18
4 2 0.34 0.00 0.11 0.34 0.00 0.10 0.72 40.54 0.31
8 3 0.30 0.00 0.11 0.30 0.00 0.11 0.89 73.25 0.53
16 4 0.32 0.00 0.11 0.32 0.00 0.11 0.95 90.60 0.69
32 5 0.34 0.00 0.11 0.34 0.05 0.11 0.92 95.31 0.77
64 6 0.30 0.00 0.11 0.31 0.05 0.11 0.94 107.27 0.84
128 7 0.34 0.00 0.11 0.35 0.04 0.11 0.95 99.64 0.84
256 8 0.33 0.00 0.11 0.39 0.18 0.12 0.96 99.47 0.86
512 9 0.34 0.00 0.10 0.44 1.28 0.11 0.91 106.29 0.81
1024 10 0.34 0.00 0.10 0.46 3.48 0.12 0.93 101.85 0.81
2048 11 0.35 0.00 0.11 0.56 18.61 0.17 0.96 103.14 0.84