2 1 0.50 0.00 0.13 0.50 0.00 0.13 0.91 18.09 0.25
4 2 0.34 0.00 0.14 0.34 0.12 0.14 0.76 31.37 0.44
8 3 0.32 0.00 0.14 0.33 0.22 0.14 0.90 40.30 0.60
16 4 0.32 0.00 0.14 0.34 0.31 0.15 0.92 46.21 0.71
32 5 0.30 0.00 0.13 0.33 0.78 0.15 0.92 51.46 0.78
64 6 0.34 0.00 0.13 0.41 0.58 0.15 0.96 50.91 0.80
128 7 0.31 0.00 0.15 0.47 3.19 0.21 0.94 49.23 0.85
256 8 0.34 0.00 0.13 0.57 5.89 0.20 0.93 54.09 0.82
512 9 0.33 0.00 0.14 0.58 19.99 0.28 0.93 48.95 0.83
1024 10 0.35 0.00 0.15 0.68 30.63 0.40 0.95 47.01 0.84
2048 11 0.30 0.00 0.14 0.60 37.29 0.41 0.94 47.15 0.81