2 1 0.76 0.00 0.20 0.77 0.00 0.20 0.94 5.60 0.22
4 2 0.66 0.00 0.31 0.65 0.08 0.31 0.83 15.60 0.40
8 3 0.75 0.00 0.46 0.74 0.47 0.46 0.94 18.68 0.61
16 4 0.84 0.00 0.62 0.84 0.50 0.62 0.97 21.89 0.81
32 5 0.90 0.00 0.79 0.89 0.96 0.79 1.00 20.83 0.93
64 6 0.97 0.00 0.91 0.97 1.38 0.92 1.00 18.80 0.99
128 7 1.00 0.00 0.99 0.99 4.89 0.99 1.00 15.72 1.00
256 8 1.00 0.00 1.00 1.00 9.60 1.00 1.00 13.76 1.00
512 9 1.00 0.00 1.00 0.96 13.40 1.00 1.00 12.04 1.00
1024 10 1.00 0.00 1.00 0.95 13.21 1.00 1.00 12.02 1.00
2048 11 1.00 0.00 1.00 0.96 23.77 1.00 1.00 10.40 1.00