1 0 1.00 0.00 0.05 1.00 0.08 0.05 1.00 0.00 0.05
2 1 0.50 0.00 0.05 0.52 0.03 0.05 0.86 14.92 0.10
4 2 0.35 0.00 0.05 0.38 0.03 0.05 0.82 38.52 0.20
8 3 0.33 0.00 0.05 0.35 0.16 0.05 0.92 62.60 0.35
16 4 0.34 0.00 0.05 0.41 0.19 0.05 0.92 77.15 0.52
32 5 0.34 0.00 0.05 0.48 0.43 0.06 0.96 85.50 0.70
64 6 0.31 0.00 0.06 0.46 1.23 0.08 0.94 83.07 0.76
128 7 0.34 0.00 0.05 0.55 3.66 0.10 0.95 87.66 0.78
256 8 0.33 0.00 0.05 0.66 12.74 0.15 0.94 90.29 0.83
512 9 0.33 0.00 0.05 0.65 23.34 0.21 0.94 86.54 0.82
1024 10 0.33 0.00 0.04 0.58 45.71 0.07 0.95 116.81 0.82
2048 11 0.34 0.00 0.03 0.61 20.36 0.05 0.93 137.47 0.77
