2 1 0.75 0.00 0.06 0.76 0.01 0.06 0.94 4.81 0.07
4 2 0.60 0.00 0.11 0.63 0.09 0.11 0.85 14.20 0.15
8 3 0.67 0.00 0.18 0.72 0.22 0.18 0.90 24.40 0.28
16 4 0.78 0.00 0.27 0.82 0.43 0.28 0.93 27.92 0.47
32 5 0.79 0.00 0.37 0.84 0.82 0.38 0.95 33.71 0.68
64 6 0.84 0.00 0.50 0.90 1.74 0.51 0.96 33.77 0.82
128 7 0.90 0.00 0.64 0.93 2.84 0.65 0.97 31.00 0.90
256 8 0.94 0.00 0.79 0.94 5.04 0.80 0.98 27.40 0.95
512 9 0.96 0.00 0.91 0.96 4.28 0.92 0.99 24.76 0.99
1024 10 0.99 0.00 0.98 0.99 4.91 0.99 1.00 23.14 1.00
2048 11 1.00 0.00 1.00 1.00 6.39 1.00 1.00 21.33 1.00