2 1 0.50 0.00 0.03 0.54 0.18 0.03 0.87 12.60 0.07
4 2 0.35 0.00 0.03 0.38 0.26 0.03 0.85 44.21 0.15
8 3 0.36 0.00 0.04 0.41 0.44 0.04 0.92 74.38 0.32
16 4 0.31 0.00 0.03 0.36 0.35 0.03 0.95 112.65 0.47
32 5 0.36 0.00 0.03 0.49 2.00 0.04 0.94 130.46 0.64
64 6 0.34 0.00 0.04 0.51 2.06 0.04 0.92 133.67 0.75
128 7 0.34 0.00 0.03 0.58 4.17 0.05 0.93 137.63 0.78
256 8 0.33 0.00 0.03 0.55 5.59 0.06 0.94 136.47 0.82
512 9 0.32 0.00 0.03 0.58 10.46 0.08 0.94 145.79 0.83
1024 10 0.33 0.00 0.03 0.63 18.29 0.11 0.93 142.02 0.84
2048 11 0.31 0.00 0.03 0.62 20.00 0.12 0.95 144.79 0.84